[[51.56,-0.299],[51.555,-0.299],[51.555,-0.29],[51.56,-0.29],[51.56,-0.299]]
[[51.56,-0.29],[51.555,-0.29],[51.555,-0.28],[51.56,-0.28],[51.56,-0.29]]
[[51.56,-0.28],[51.555,-0.28],[51.555,-0.27],[51.56,-0.27],[51.56,-0.28]]
[[51.56,-0.27],[51.555,-0.27],[51.555,-0.26],[51.56,-0.26],[51.56,-0.27]]
[[51.56,-0.26],[51.555,-0.26],[51.555,-0.25],[51.56,-0.25],[51.56,-0.26]]
[[51.56,-0.25],[51.555,-0.25],[51.555,-0.24],[51.56,-0.24],[51.56,-0.25]]
[[51.56,-0.24],[51.555,-0.24],[51.555,-0.23],[51.56,-0.23],[51.56,-0.24]]
[[51.56,-0.23],[51.555,-0.23],[51.555,-0.22],[51.56,-0.22],[51.56,-0.23]]
[[51.56,-0.22],[51.555,-0.22],[51.555,-0.21],[51.56,-0.21],[51.56,-0.22]]
[[51.56,-0.21],[51.555,-0.21],[51.555,-0.2],[51.56,-0.2],[51.56,-0.21]]
[[51.56,-0.2],[51.555,-0.2],[51.555,-0.19],[51.56,-0.19],[51.56,-0.2]]
[[51.56,-0.19],[51.555,-0.19],[51.555,-0.18],[51.56,-0.18],[51.56,-0.19]]
[[51.56,-0.18],[51.555,-0.18],[51.555,-0.17],[51.56,-0.17],[51.56,-0.18]]
[[51.56,-0.17],[51.555,-0.17],[51.555,-0.16],[51.56,-0.16],[51.56,-0.17]]
[[51.56,-0.16],[51.555,-0.16],[51.555,-0.15],[51.56,-0.15],[51.56,-0.16]]
[[51.56,-0.15],[51.555,-0.15],[51.555,-0.14],[51.56,-0.14],[51.56,-0.15]]
[[51.56,-0.14],[51.555,-0.14],[51.555,-0.13],[51.56,-0.13],[51.56,-0.14]]
[[51.56,-0.13],[51.555,-0.13],[51.555,-0.12],[51.56,-0.12],[51.56,-0.13]]
[[51.56,-0.12],[51.555,-0.12],[51.555,-0.11],[51.56,-0.11],[51.56,-0.12]]
[[51.56,-0.11],[51.555,-0.11],[51.555,-0.1],[51.56,-0.1],[51.56,-0.11]]
[[51.56,-0.1],[51.555,-0.1],[51.555,-0.09],[51.56,-0.09],[51.56,-0.1]]
[[51.56,-0.09],[51.555,-0.09],[51.555,-0.08],[51.56,-0.08],[51.56,-0.09]]
[[51.56,-0.08],[51.555,-0.08],[51.555,-0.07],[51.56,-0.07],[51.56,-0.08]]
[[51.56,-0.07],[51.555,-0.07],[51.555,-0.06],[51.56,-0.06],[51.56,-0.07]]
[[51.56,-0.06],[51.555,-0.06],[51.555,-0.05],[51.56,-0.05],[51.56,-0.06]]
[[51.56,-0.05],[51.555,-0.05],[51.555,-0.04],[51.56,-0.04],[51.56,-0.05]]
[[51.56,-0.04],[51.555,-0.04],[51.555,-0.03],[51.56,-0.03],[51.56,-0.04]]
[[51.56,-0.03],[51.555,-0.03],[51.555,-0.02],[51.56,-0.02],[51.56,-0.03]]
[[51.56,-0.02],[51.555,-0.02],[51.555,-0.01],[51.56,-0.01],[51.56,-0.02]]
[[51.56,-0.01],[51.555,-0.01],[51.555,0.0],[51.56,0.0],[51.56,-0.01]]
[[51.56,0.0],[51.555,0.0],[51.555,0.01],[51.56,0.01],[51.56,0.0]]
[[51.56,0.01],[51.555,0.01],[51.555,0.02],[51.56,0.02],[51.56,0.01]]
[[51.56,0.02],[51.555,0.02],[51.555,0.03],[51.56,0.03],[51.56,0.02]]
[[51.555,-0.299],[51.55,-0.299],[51.55,-0.29],[51.555,-0.29],[51.555,-0.299]]
[[51.555,-0.29],[51.55,-0.29],[51.55,-0.28],[51.555,-0.28],[51.555,-0.29]]
[[51.555,-0.28],[51.55,-0.28],[51.55,-0.27],[51.555,-0.27],[51.555,-0.28]]
[[51.555,-0.27],[51.55,-0.27],[51.55,-0.26],[51.555,-0.26],[51.555,-0.27]]
[[51.555,-0.26],[51.55,-0.26],[51.55,-0.25],[51.555,-0.25],[51.555,-0.26]]
[[51.555,-0.25],[51.55,-0.25],[51.55,-0.24],[51.555,-0.24],[51.555,-0.25]]
[[51.555,-0.24],[51.55,-0.24],[51.55,-0.23],[51.555,-0.23],[51.555,-0.24]]
[[51.555,-0.23],[51.55,-0.23],[51.55,-0.22],[51.555,-0.22],[51.555,-0.23]]
[[51.555,-0.22],[51.55,-0.22],[51.55,-0.21],[51.555,-0.21],[51.555,-0.22]]
[[51.555,-0.21],[51.55,-0.21],[51.55,-0.2],[51.555,-0.2],[51.555,-0.21]]
[[51.555,-0.2],[51.55,-0.2],[51.55,-0.19],[51.555,-0.19],[51.555,-0.2]]
[[51.555,-0.19],[51.55,-0.19],[51.55,-0.18],[51.555,-0.18],[51.555,-0.19]]
[[51.555,-0.18],[51.55,-0.18],[51.55,-0.17],[51.555,-0.17],[51.555,-0.18]]
[[51.555,-0.17],[51.55,-0.17],[51.55,-0.16],[51.555,-0.16],[51.555,-0.17]]
[[51.555,-0.16],[51.55,-0.16],[51.55,-0.15],[51.555,-0.15],[51.555,-0.16]]
[[51.555,-0.15],[51.55,-0.15],[51.55,-0.14],[51.555,-0.14],[51.555,-0.15]]
[[51.555,-0.14],[51.55,-0.14],[51.55,-0.13],[51.555,-0.13],[51.555,-0.14]]
[[51.555,-0.13],[51.55,-0.13],[51.55,-0.12],[51.555,-0.12],[51.555,-0.13]]
[[51.555,-0.12],[51.55,-0.12],[51.55,-0.11],[51.555,-0.11],[51.555,-0.12]]
[[51.555,-0.11],[51.55,-0.11],[51.55,-0.1],[51.555,-0.1],[51.555,-0.11]]
[[51.555,-0.1],[51.55,-0.1],[51.55,-0.09],[51.555,-0.09],[51.555,-0.1]]
[[51.555,-0.09],[51.55,-0.09],[51.55,-0.08],[51.555,-0.08],[51.555,-0.09]]
[[51.555,-0.08],[51.55,-0.08],[51.55,-0.07],[51.555,-0.07],[51.555,-0.08]]
[[51.555,-0.07],[51.55,-0.07],[51.55,-0.06],[51.555,-0.06],[51.555,-0.07]]
[[51.555,-0.06],[51.55,-0.06],[51.55,-0.05],[51.555,-0.05],[51.555,-0.06]]
[[51.555,-0.05],[51.55,-0.05],[51.55,-0.04],[51.555,-0.04],[51.555,-0.05]]
[[51.555,-0.04],[51.55,-0.04],[51.55,-0.03],[51.555,-0.03],[51.555,-0.04]]
[[51.555,-0.03],[51.55,-0.03],[51.55,-0.02],[51.555,-0.02],[51.555,-0.03]]
[[51.555,-0.02],[51.55,-0.02],[51.55,-0.01],[51.555,-0.01],[51.555,-0.02]]
[[51.555,-0.01],[51.55,-0.01],[51.55,0.0],[51.555,0.0],[51.555,-0.01]]
[[51.555,0.0],[51.55,0.0],[51.55,0.01],[51.555,0.01],[51.555,0.0]]
[[51.555,0.01],[51.55,0.01],[51.55,0.02],[51.555,0.02],[51.555,0.01]]
[[51.555,0.02],[51.55,0.02],[51.55,0.03],[51.555,0.03],[51.555,0.02]]
[[51.55,-0.299],[51.545,-0.299],[51.545,-0.29],[51.55,-0.29],[51.55,-0.299]]
[[51.55,-0.29],[51.545,-0.29],[51.545,-0.28],[51.55,-0.28],[51.55,-0.29]]
[[51.55,-0.28],[51.545,-0.28],[51.545,-0.27],[51.55,-0.27],[51.55,-0.28]]
[[51.55,-0.27],[51.545,-0.27],[51.545,-0.26],[51.55,-0.26],[51.55,-0.27]]
[[51.55,-0.26],[51.545,-0.26],[51.545,-0.25],[51.55,-0.25],[51.55,-0.26]]
[[51.55,-0.25],[51.545,-0.25],[51.545,-0.24],[51.55,-0.24],[51.55,-0.25]]
[[51.55,-0.24],[51.545,-0.24],[51.545,-0.23],[51.55,-0.23],[51.55,-0.24]]
[[51.55,-0.23],[51.545,-0.23],[51.545,-0.22],[51.55,-0.22],[51.55,-0.23]]
[[51.55,-0.22],[51.545,-0.22],[51.545,-0.21],[51.55,-0.21],[51.55,-0.22]]
[[51.55,-0.21],[51.545,-0.21],[51.545,-0.2],[51.55,-0.2],[51.55,-0.21]]
[[51.55,-0.2],[51.545,-0.2],[51.545,-0.19],[51.55,-0.19],[51.55,-0.2]]
[[51.55,-0.19],[51.545,-0.19],[51.545,-0.18],[51.55,-0.18],[51.55,-0.19]]
[[51.55,-0.18],[51.545,-0.18],[51.545,-0.17],[51.55,-0.17],[51.55,-0.18]]
[[51.55,-0.17],[51.545,-0.17],[51.545,-0.16],[51.55,-0.16],[51.55,-0.17]]
[[51.55,-0.16],[51.545,-0.16],[51.545,-0.15],[51.55,-0.15],[51.55,-0.16]]
[[51.55,-0.15],[51.545,-0.15],[51.545,-0.14],[51.55,-0.14],[51.55,-0.15]]
[[51.55,-0.14],[51.545,-0.14],[51.545,-0.13],[51.55,-0.13],[51.55,-0.14]]
[[51.55,-0.13],[51.545,-0.13],[51.545,-0.12],[51.55,-0.12],[51.55,-0.13]]
[[51.55,-0.12],[51.545,-0.12],[51.545,-0.11],[51.55,-0.11],[51.55,-0.12]]
[[51.55,-0.11],[51.545,-0.11],[51.545,-0.1],[51.55,-0.1],[51.55,-0.11]]
[[51.55,-0.1],[51.545,-0.1],[51.545,-0.09],[51.55,-0.09],[51.55,-0.1]]
[[51.55,-0.09],[51.545,-0.09],[51.545,-0.08],[51.55,-0.08],[51.55,-0.09]]
[[51.55,-0.08],[51.545,-0.08],[51.545,-0.07],[51.55,-0.07],[51.55,-0.08]]
[[51.55,-0.07],[51.545,-0.07],[51.545,-0.06],[51.55,-0.06],[51.55,-0.07]]
[[51.55,-0.06],[51.545,-0.06],[51.545,-0.05],[51.55,-0.05],[51.55,-0.06]]
[[51.55,-0.05],[51.545,-0.05],[51.545,-0.04],[51.55,-0.04],[51.55,-0.05]]
[[51.55,-0.04],[51.545,-0.04],[51.545,-0.03],[51.55,-0.03],[51.55,-0.04]]
[[51.55,-0.03],[51.545,-0.03],[51.545,-0.02],[51.55,-0.02],[51.55,-0.03]]
[[51.55,-0.02],[51.545,-0.02],[51.545,-0.01],[51.55,-0.01],[51.55,-0.02]]
[[51.55,-0.01],[51.545,-0.01],[51.545,0.0],[51.55,0.0],[51.55,-0.01]]
[[51.55,0.0],[51.545,0.0],[51.545,0.01],[51.55,0.01],[51.55,0.0]]
[[51.55,0.01],[51.545,0.01],[51.545,0.02],[51.55,0.02],[51.55,0.01]]
[[51.55,0.02],[51.545,0.02],[51.545,0.03],[51.55,0.03],[51.55,0.02]]
[[51.545,-0.299],[51.54,-0.299],[51.54,-0.29],[51.545,-0.29],[51.545,-0.299]]
[[51.545,-0.29],[51.54,-0.29],[51.54,-0.28],[51.545,-0.28],[51.545,-0.29]]
[[51.545,-0.28],[51.54,-0.28],[51.54,-0.27],[51.545,-0.27],[51.545,-0.28]]
[[51.545,-0.27],[51.54,-0.27],[51.54,-0.26],[51.545,-0.26],[51.545,-0.27]]
[[51.545,-0.26],[51.54,-0.26],[51.54,-0.25],[51.545,-0.25],[51.545,-0.26]]
[[51.545,-0.25],[51.54,-0.25],[51.54,-0.24],[51.545,-0.24],[51.545,-0.25]]
[[51.545,-0.24],[51.54,-0.24],[51.54,-0.23],[51.545,-0.23],[51.545,-0.24]]
[[51.545,-0.23],[51.54,-0.23],[51.54,-0.22],[51.545,-0.22],[51.545,-0.23]]
[[51.545,-0.22],[51.54,-0.22],[51.54,-0.21],[51.545,-0.21],[51.545,-0.22]]
[[51.545,-0.21],[51.54,-0.21],[51.54,-0.2],[51.545,-0.2],[51.545,-0.21]]
[[51.545,-0.2],[51.54,-0.2],[51.54,-0.19],[51.545,-0.19],[51.545,-0.2]]
[[51.545,-0.19],[51.54,-0.19],[51.54,-0.18],[51.545,-0.18],[51.545,-0.19]]
[[51.545,-0.18],[51.54,-0.18],[51.54,-0.17],[51.545,-0.17],[51.545,-0.18]]
[[51.545,-0.17],[51.54,-0.17],[51.54,-0.16],[51.545,-0.16],[51.545,-0.17]]
[[51.545,-0.16],[51.54,-0.16],[51.54,-0.15],[51.545,-0.15],[51.545,-0.16]]
[[51.545,-0.15],[51.54,-0.15],[51.54,-0.14],[51.545,-0.14],[51.545,-0.15]]
[[51.545,-0.14],[51.54,-0.14],[51.54,-0.13],[51.545,-0.13],[51.545,-0.14]]
[[51.545,-0.13],[51.54,-0.13],[51.54,-0.12],[51.545,-0.12],[51.545,-0.13]]
[[51.545,-0.12],[51.54,-0.12],[51.54,-0.11],[51.545,-0.11],[51.545,-0.12]]
[[51.545,-0.11],[51.54,-0.11],[51.54,-0.1],[51.545,-0.1],[51.545,-0.11]]
[[51.545,-0.1],[51.54,-0.1],[51.54,-0.09],[51.545,-0.09],[51.545,-0.1]]
[[51.545,-0.09],[51.54,-0.09],[51.54,-0.08],[51.545,-0.08],[51.545,-0.09]]
[[51.545,-0.08],[51.54,-0.08],[51.54,-0.07],[51.545,-0.07],[51.545,-0.08]]
[[51.545,-0.07],[51.54,-0.07],[51.54,-0.06],[51.545,-0.06],[51.545,-0.07]]
[[51.545,-0.06],[51.54,-0.06],[51.54,-0.05],[51.545,-0.05],[51.545,-0.06]]
[[51.545,-0.05],[51.54,-0.05],[51.54,-0.04],[51.545,-0.04],[51.545,-0.05]]
[[51.545,-0.04],[51.54,-0.04],[51.54,-0.03],[51.545,-0.03],[51.545,-0.04]]
[[51.545,-0.03],[51.54,-0.03],[51.54,-0.02],[51.545,-0.02],[51.545,-0.03]]
[[51.545,-0.02],[51.54,-0.02],[51.54,-0.01],[51.545,-0.01],[51.545,-0.02]]
[[51.545,-0.01],[51.54,-0.01],[51.54,0.0],[51.545,0.0],[51.545,-0.01]]
[[51.545,0.0],[51.54,0.0],[51.54,0.01],[51.545,0.01],[51.545,0.0]]
[[51.545,0.01],[51.54,0.01],[51.54,0.02],[51.545,0.02],[51.545,0.01]]
[[51.545,0.02],[51.54,0.02],[51.54,0.03],[51.545,0.03],[51.545,0.02]]
[[51.54,-0.299],[51.535,-0.299],[51.535,-0.29],[51.54,-0.29],[51.54,-0.299]]
[[51.54,-0.29],[51.535,-0.29],[51.535,-0.28],[51.54,-0.28],[51.54,-0.29]]
[[51.54,-0.28],[51.535,-0.28],[51.535,-0.27],[51.54,-0.27],[51.54,-0.28]]
[[51.54,-0.27],[51.535,-0.27],[51.535,-0.26],[51.54,-0.26],[51.54,-0.27]]
[[51.54,-0.26],[51.535,-0.26],[51.535,-0.25],[51.54,-0.25],[51.54,-0.26]]
[[51.54,-0.25],[51.535,-0.25],[51.535,-0.24],[51.54,-0.24],[51.54,-0.25]]
[[51.54,-0.24],[51.535,-0.24],[51.535,-0.23],[51.54,-0.23],[51.54,-0.24]]
[[51.54,-0.23],[51.535,-0.23],[51.535,-0.22],[51.54,-0.22],[51.54,-0.23]]
[[51.54,-0.22],[51.535,-0.22],[51.535,-0.21],[51.54,-0.21],[51.54,-0.22]]
[[51.54,-0.21],[51.535,-0.21],[51.535,-0.2],[51.54,-0.2],[51.54,-0.21]]
[[51.54,-0.2],[51.535,-0.2],[51.535,-0.19],[51.54,-0.19],[51.54,-0.2]]
[[51.54,-0.19],[51.535,-0.19],[51.535,-0.18],[51.54,-0.18],[51.54,-0.19]]
[[51.54,-0.18],[51.535,-0.18],[51.535,-0.17],[51.54,-0.17],[51.54,-0.18]]
[[51.54,-0.17],[51.535,-0.17],[51.535,-0.16],[51.54,-0.16],[51.54,-0.17]]
[[51.54,-0.16],[51.535,-0.16],[51.535,-0.15],[51.54,-0.15],[51.54,-0.16]]
[[51.54,-0.15],[51.535,-0.15],[51.535,-0.14],[51.54,-0.14],[51.54,-0.15]]
[[51.54,-0.14],[51.535,-0.14],[51.535,-0.13],[51.54,-0.13],[51.54,-0.14]]
[[51.54,-0.13],[51.535,-0.13],[51.535,-0.12],[51.54,-0.12],[51.54,-0.13]]
[[51.54,-0.12],[51.535,-0.12],[51.535,-0.11],[51.54,-0.11],[51.54,-0.12]]
[[51.54,-0.11],[51.535,-0.11],[51.535,-0.1],[51.54,-0.1],[51.54,-0.11]]
[[51.54,-0.1],[51.535,-0.1],[51.535,-0.09],[51.54,-0.09],[51.54,-0.1]]
[[51.54,-0.09],[51.535,-0.09],[51.535,-0.08],[51.54,-0.08],[51.54,-0.09]]
[[51.54,-0.08],[51.535,-0.08],[51.535,-0.07],[51.54,-0.07],[51.54,-0.08]]
[[51.54,-0.07],[51.535,-0.07],[51.535,-0.06],[51.54,-0.06],[51.54,-0.07]]
[[51.54,-0.06],[51.535,-0.06],[51.535,-0.05],[51.54,-0.05],[51.54,-0.06]]
[[51.54,-0.05],[51.535,-0.05],[51.535,-0.04],[51.54,-0.04],[51.54,-0.05]]
[[51.54,-0.04],[51.535,-0.04],[51.535,-0.03],[51.54,-0.03],[51.54,-0.04]]
[[51.54,-0.03],[51.535,-0.03],[51.535,-0.02],[51.54,-0.02],[51.54,-0.03]]
[[51.54,-0.02],[51.535,-0.02],[51.535,-0.01],[51.54,-0.01],[51.54,-0.02]]
[[51.54,-0.01],[51.535,-0.01],[51.535,0.0],[51.54,0.0],[51.54,-0.01]]
[[51.54,0.0],[51.535,0.0],[51.535,0.01],[51.54,0.01],[51.54,0.0]]
[[51.54,0.01],[51.535,0.01],[51.535,0.02],[51.54,0.02],[51.54,0.01]]
[[51.54,0.02],[51.535,0.02],[51.535,0.03],[51.54,0.03],[51.54,0.02]]
[[51.535,-0.299],[51.53,-0.299],[51.53,-0.29],[51.535,-0.29],[51.535,-0.299]]
[[51.535,-0.29],[51.53,-0.29],[51.53,-0.28],[51.535,-0.28],[51.535,-0.29]]
[[51.535,-0.28],[51.53,-0.28],[51.53,-0.27],[51.535,-0.27],[51.535,-0.28]]
[[51.535,-0.27],[51.53,-0.27],[51.53,-0.26],[51.535,-0.26],[51.535,-0.27]]
[[51.535,-0.26],[51.53,-0.26],[51.53,-0.25],[51.535,-0.25],[51.535,-0.26]]
[[51.535,-0.25],[51.53,-0.25],[51.53,-0.24],[51.535,-0.24],[51.535,-0.25]]
[[51.535,-0.24],[51.53,-0.24],[51.53,-0.23],[51.535,-0.23],[51.535,-0.24]]
[[51.535,-0.23],[51.53,-0.23],[51.53,-0.22],[51.535,-0.22],[51.535,-0.23]]
[[51.535,-0.22],[51.53,-0.22],[51.53,-0.21],[51.535,-0.21],[51.535,-0.22]]
[[51.535,-0.21],[51.53,-0.21],[51.53,-0.2],[51.535,-0.2],[51.535,-0.21]]
[[51.535,-0.2],[51.53,-0.2],[51.53,-0.19],[51.535,-0.19],[51.535,-0.2]]
[[51.535,-0.19],[51.53,-0.19],[51.53,-0.18],[51.535,-0.18],[51.535,-0.19]]
[[51.535,-0.18],[51.53,-0.18],[51.53,-0.17],[51.535,-0.17],[51.535,-0.18]]
[[51.535,-0.17],[51.53,-0.17],[51.53,-0.16],[51.535,-0.16],[51.535,-0.17]]
[[51.535,-0.16],[51.53,-0.16],[51.53,-0.15],[51.535,-0.15],[51.535,-0.16]]
[[51.535,-0.15],[51.53,-0.15],[51.53,-0.14],[51.535,-0.14],[51.535,-0.15]]
[[51.535,-0.14],[51.53,-0.14],[51.53,-0.13],[51.535,-0.13],[51.535,-0.14]]
[[51.535,-0.13],[51.53,-0.13],[51.53,-0.12],[51.535,-0.12],[51.535,-0.13]]
[[51.535,-0.12],[51.53,-0.12],[51.53,-0.11],[51.535,-0.11],[51.535,-0.12]]
[[51.535,-0.11],[51.53,-0.11],[51.53,-0.1],[51.535,-0.1],[51.535,-0.11]]
[[51.535,-0.1],[51.53,-0.1],[51.53,-0.09],[51.535,-0.09],[51.535,-0.1]]
[[51.535,-0.09],[51.53,-0.09],[51.53,-0.08],[51.535,-0.08],[51.535,-0.09]]
[[51.535,-0.08],[51.53,-0.08],[51.53,-0.07],[51.535,-0.07],[51.535,-0.08]]
[[51.535,-0.07],[51.53,-0.07],[51.53,-0.06],[51.535,-0.06],[51.535,-0.07]]
[[51.535,-0.06],[51.53,-0.06],[51.53,-0.05],[51.535,-0.05],[51.535,-0.06]]
[[51.535,-0.05],[51.53,-0.05],[51.53,-0.04],[51.535,-0.04],[51.535,-0.05]]
[[51.535,-0.04],[51.53,-0.04],[51.53,-0.03],[51.535,-0.03],[51.535,-0.04]]
[[51.535,-0.03],[51.53,-0.03],[51.53,-0.02],[51.535,-0.02],[51.535,-0.03]]
[[51.535,-0.02],[51.53,-0.02],[51.53,-0.01],[51.535,-0.01],[51.535,-0.02]]
[[51.535,-0.01],[51.53,-0.01],[51.53,0.0],[51.535,0.0],[51.535,-0.01]]
[[51.535,0.0],[51.53,0.0],[51.53,0.01],[51.535,0.01],[51.535,0.0]]
[[51.535,0.01],[51.53,0.01],[51.53,0.02],[51.535,0.02],[51.535,0.01]]
[[51.535,0.02],[51.53,0.02],[51.53,0.03],[51.535,0.03],[51.535,0.02]]
[[51.53,-0.299],[51.525,-0.299],[51.525,-0.29],[51.53,-0.29],[51.53,-0.299]]
[[51.53,-0.29],[51.525,-0.29],[51.525,-0.28],[51.53,-0.28],[51.53,-0.29]]
[[51.53,-0.28],[51.525,-0.28],[51.525,-0.27],[51.53,-0.27],[51.53,-0.28]]
[[51.53,-0.27],[51.525,-0.27],[51.525,-0.26],[51.53,-0.26],[51.53,-0.27]]
[[51.53,-0.26],[51.525,-0.26],[51.525,-0.25],[51.53,-0.25],[51.53,-0.26]]
[[51.53,-0.25],[51.525,-0.25],[51.525,-0.24],[51.53,-0.24],[51.53,-0.25]]
[[51.53,-0.24],[51.525,-0.24],[51.525,-0.23],[51.53,-0.23],[51.53,-0.24]]
[[51.53,-0.23],[51.525,-0.23],[51.525,-0.22],[51.53,-0.22],[51.53,-0.23]]
[[51.53,-0.22],[51.525,-0.22],[51.525,-0.21],[51.53,-0.21],[51.53,-0.22]]
[[51.53,-0.21],[51.525,-0.21],[51.525,-0.2],[51.53,-0.2],[51.53,-0.21]]
[[51.53,-0.2],[51.525,-0.2],[51.525,-0.19],[51.53,-0.19],[51.53,-0.2]]
[[51.53,-0.19],[51.525,-0.19],[51.525,-0.18],[51.53,-0.18],[51.53,-0.19]]
[[51.53,-0.18],[51.525,-0.18],[51.525,-0.17],[51.53,-0.17],[51.53,-0.18]]
[[51.53,-0.17],[51.525,-0.17],[51.525,-0.16],[51.53,-0.16],[51.53,-0.17]]
[[51.53,-0.16],[51.525,-0.16],[51.525,-0.15],[51.53,-0.15],[51.53,-0.16]]
[[51.53,-0.15],[51.525,-0.15],[51.525,-0.14],[51.53,-0.14],[51.53,-0.15]]
[[51.53,-0.14],[51.525,-0.14],[51.525,-0.13],[51.53,-0.13],[51.53,-0.14]]
[[51.53,-0.13],[51.525,-0.13],[51.525,-0.12],[51.53,-0.12],[51.53,-0.13]]
[[51.53,-0.12],[51.525,-0.12],[51.525,-0.11],[51.53,-0.11],[51.53,-0.12]]
[[51.53,-0.11],[51.525,-0.11],[51.525,-0.1],[51.53,-0.1],[51.53,-0.11]]
[[51.53,-0.1],[51.525,-0.1],[51.525,-0.09],[51.53,-0.09],[51.53,-0.1]]
[[51.53,-0.09],[51.525,-0.09],[51.525,-0.08],[51.53,-0.08],[51.53,-0.09]]
[[51.53,-0.08],[51.525,-0.08],[51.525,-0.07],[51.53,-0.07],[51.53,-0.08]]
[[51.53,-0.07],[51.525,-0.07],[51.525,-0.06],[51.53,-0.06],[51.53,-0.07]]
[[51.53,-0.06],[51.525,-0.06],[51.525,-0.05],[51.53,-0.05],[51.53,-0.06]]
[[51.53,-0.05],[51.525,-0.05],[51.525,-0.04],[51.53,-0.04],[51.53,-0.05]]
[[51.53,-0.04],[51.525,-0.04],[51.525,-0.03],[51.53,-0.03],[51.53,-0.04]]
[[51.53,-0.03],[51.525,-0.03],[51.525,-0.02],[51.53,-0.02],[51.53,-0.03]]
[[51.53,-0.02],[51.525,-0.02],[51.525,-0.01],[51.53,-0.01],[51.53,-0.02]]
[[51.53,-0.01],[51.525,-0.01],[51.525,0.0],[51.53,0.0],[51.53,-0.01]]
[[51.53,0.0],[51.525,0.0],[51.525,0.01],[51.53,0.01],[51.53,0.0]]
[[51.53,0.01],[51.525,0.01],[51.525,0.02],[51.53,0.02],[51.53,0.01]]
[[51.53,0.02],[51.525,0.02],[51.525,0.03],[51.53,0.03],[51.53,0.02]]
[[51.525,-0.299],[51.52,-0.299],[51.52,-0.29],[51.525,-0.29],[51.525,-0.299]]
[[51.525,-0.29],[51.52,-0.29],[51.52,-0.28],[51.525,-0.28],[51.525,-0.29]]
[[51.525,-0.28],[51.52,-0.28],[51.52,-0.27],[51.525,-0.27],[51.525,-0.28]]
[[51.525,-0.27],[51.52,-0.27],[51.52,-0.26],[51.525,-0.26],[51.525,-0.27]]
[[51.525,-0.26],[51.52,-0.26],[51.52,-0.25],[51.525,-0.25],[51.525,-0.26]]
[[51.525,-0.25],[51.52,-0.25],[51.52,-0.24],[51.525,-0.24],[51.525,-0.25]]
[[51.525,-0.24],[51.52,-0.24],[51.52,-0.23],[51.525,-0.23],[51.525,-0.24]]
[[51.525,-0.23],[51.52,-0.23],[51.52,-0.22],[51.525,-0.22],[51.525,-0.23]]
[[51.525,-0.22],[51.52,-0.22],[51.52,-0.21],[51.525,-0.21],[51.525,-0.22]]
[[51.525,-0.21],[51.52,-0.21],[51.52,-0.2],[51.525,-0.2],[51.525,-0.21]]
[[51.525,-0.2],[51.52,-0.2],[51.52,-0.19],[51.525,-0.19],[51.525,-0.2]]
[[51.525,-0.19],[51.52,-0.19],[51.52,-0.18],[51.525,-0.18],[51.525,-0.19]]
[[51.525,-0.18],[51.52,-0.18],[51.52,-0.17],[51.525,-0.17],[51.525,-0.18]]
[[51.525,-0.17],[51.52,-0.17],[51.52,-0.16],[51.525,-0.16],[51.525,-0.17]]
[[51.525,-0.16],[51.52,-0.16],[51.52,-0.15],[51.525,-0.15],[51.525,-0.16]]
[[51.525,-0.15],[51.52,-0.15],[51.52,-0.14],[51.525,-0.14],[51.525,-0.15]]
[[51.525,-0.14],[51.52,-0.14],[51.52,-0.13],[51.525,-0.13],[51.525,-0.14]]
[[51.525,-0.13],[51.52,-0.13],[51.52,-0.12],[51.525,-0.12],[51.525,-0.13]]
[[51.525,-0.12],[51.52,-0.12],[51.52,-0.11],[51.525,-0.11],[51.525,-0.12]]
[[51.525,-0.11],[51.52,-0.11],[51.52,-0.1],[51.525,-0.1],[51.525,-0.11]]
[[51.525,-0.1],[51.52,-0.1],[51.52,-0.09],[51.525,-0.09],[51.525,-0.1]]
[[51.525,-0.09],[51.52,-0.09],[51.52,-0.08],[51.525,-0.08],[51.525,-0.09]]
[[51.525,-0.08],[51.52,-0.08],[51.52,-0.07],[51.525,-0.07],[51.525,-0.08]]
[[51.525,-0.07],[51.52,-0.07],[51.52,-0.06],[51.525,-0.06],[51.525,-0.07]]
[[51.525,-0.06],[51.52,-0.06],[51.52,-0.05],[51.525,-0.05],[51.525,-0.06]]
[[51.525,-0.05],[51.52,-0.05],[51.52,-0.04],[51.525,-0.04],[51.525,-0.05]]
[[51.525,-0.04],[51.52,-0.04],[51.52,-0.03],[51.525,-0.03],[51.525,-0.04]]
[[51.525,-0.03],[51.52,-0.03],[51.52,-0.02],[51.525,-0.02],[51.525,-0.03]]
[[51.525,-0.02],[51.52,-0.02],[51.52,-0.01],[51.525,-0.01],[51.525,-0.02]]
[[51.525,-0.01],[51.52,-0.01],[51.52,0.0],[51.525,0.0],[51.525,-0.01]]
[[51.525,0.0],[51.52,0.0],[51.52,0.01],[51.525,0.01],[51.525,0.0]]
[[51.525,0.01],[51.52,0.01],[51.52,0.02],[51.525,0.02],[51.525,0.01]]
[[51.525,0.02],[51.52,0.02],[51.52,0.03],[51.525,0.03],[51.525,0.02]]
[[51.52,-0.299],[51.515,-0.299],[51.515,-0.29],[51.52,-0.29],[51.52,-0.299]]
[[51.52,-0.29],[51.515,-0.29],[51.515,-0.28],[51.52,-0.28],[51.52,-0.29]]
[[51.52,-0.28],[51.515,-0.28],[51.515,-0.27],[51.52,-0.27],[51.52,-0.28]]
[[51.52,-0.27],[51.515,-0.27],[51.515,-0.26],[51.52,-0.26],[51.52,-0.27]]
[[51.52,-0.26],[51.515,-0.26],[51.515,-0.25],[51.52,-0.25],[51.52,-0.26]]
[[51.52,-0.25],[51.515,-0.25],[51.515,-0.24],[51.52,-0.24],[51.52,-0.25]]
[[51.52,-0.24],[51.515,-0.24],[51.515,-0.23],[51.52,-0.23],[51.52,-0.24]]
[[51.52,-0.23],[51.515,-0.23],[51.515,-0.22],[51.52,-0.22],[51.52,-0.23]]
[[51.52,-0.22],[51.515,-0.22],[51.515,-0.21],[51.52,-0.21],[51.52,-0.22]]
[[51.52,-0.21],[51.515,-0.21],[51.515,-0.2],[51.52,-0.2],[51.52,-0.21]]
[[51.52,-0.2],[51.515,-0.2],[51.515,-0.19],[51.52,-0.19],[51.52,-0.2]]
[[51.52,-0.19],[51.515,-0.19],[51.515,-0.18],[51.52,-0.18],[51.52,-0.19]]
[[51.52,-0.18],[51.515,-0.18],[51.515,-0.17],[51.52,-0.17],[51.52,-0.18]]
[[51.52,-0.17],[51.515,-0.17],[51.515,-0.16],[51.52,-0.16],[51.52,-0.17]]
[[51.52,-0.16],[51.515,-0.16],[51.515,-0.15],[51.52,-0.15],[51.52,-0.16]]
[[51.52,-0.15],[51.515,-0.15],[51.515,-0.14],[51.52,-0.14],[51.52,-0.15]]
[[51.52,-0.14],[51.515,-0.14],[51.515,-0.13],[51.52,-0.13],[51.52,-0.14]]
[[51.52,-0.13],[51.515,-0.13],[51.515,-0.12],[51.52,-0.12],[51.52,-0.13]]
[[51.52,-0.12],[51.515,-0.12],[51.515,-0.11],[51.52,-0.11],[51.52,-0.12]]
[[51.52,-0.11],[51.515,-0.11],[51.515,-0.1],[51.52,-0.1],[51.52,-0.11]]
[[51.52,-0.1],[51.515,-0.1],[51.515,-0.09],[51.52,-0.09],[51.52,-0.1]]
[[51.52,-0.09],[51.515,-0.09],[51.515,-0.08],[51.52,-0.08],[51.52,-0.09]]
[[51.52,-0.08],[51.515,-0.08],[51.515,-0.07],[51.52,-0.07],[51.52,-0.08]]
[[51.52,-0.07],[51.515,-0.07],[51.515,-0.06],[51.52,-0.06],[51.52,-0.07]]
[[51.52,-0.06],[51.515,-0.06],[51.515,-0.05],[51.52,-0.05],[51.52,-0.06]]
[[51.52,-0.05],[51.515,-0.05],[51.515,-0.04],[51.52,-0.04],[51.52,-0.05]]
[[51.52,-0.04],[51.515,-0.04],[51.515,-0.03],[51.52,-0.03],[51.52,-0.04]]
[[51.52,-0.03],[51.515,-0.03],[51.515,-0.02],[51.52,-0.02],[51.52,-0.03]]
[[51.52,-0.02],[51.515,-0.02],[51.515,-0.01],[51.52,-0.01],[51.52,-0.02]]
[[51.52,-0.01],[51.515,-0.01],[51.515,0.0],[51.52,0.0],[51.52,-0.01]]
[[51.52,0.0],[51.515,0.0],[51.515,0.01],[51.52,0.01],[51.52,0.0]]
[[51.52,0.01],[51.515,0.01],[51.515,0.02],[51.52,0.02],[51.52,0.01]]
[[51.52,0.02],[51.515,0.02],[51.515,0.03],[51.52,0.03],[51.52,0.02]]
[[51.515,-0.299],[51.51,-0.299],[51.51,-0.29],[51.515,-0.29],[51.515,-0.299]]
[[51.515,-0.29],[51.51,-0.29],[51.51,-0.28],[51.515,-0.28],[51.515,-0.29]]
[[51.515,-0.28],[51.51,-0.28],[51.51,-0.27],[51.515,-0.27],[51.515,-0.28]]
[[51.515,-0.27],[51.51,-0.27],[51.51,-0.26],[51.515,-0.26],[51.515,-0.27]]
[[51.515,-0.26],[51.51,-0.26],[51.51,-0.25],[51.515,-0.25],[51.515,-0.26]]
[[51.515,-0.25],[51.51,-0.25],[51.51,-0.24],[51.515,-0.24],[51.515,-0.25]]
[[51.515,-0.24],[51.51,-0.24],[51.51,-0.23],[51.515,-0.23],[51.515,-0.24]]
[[51.515,-0.23],[51.51,-0.23],[51.51,-0.22],[51.515,-0.22],[51.515,-0.23]]
[[51.515,-0.22],[51.51,-0.22],[51.51,-0.21],[51.515,-0.21],[51.515,-0.22]]
[[51.515,-0.21],[51.51,-0.21],[51.51,-0.2],[51.515,-0.2],[51.515,-0.21]]
[[51.515,-0.2],[51.51,-0.2],[51.51,-0.19],[51.515,-0.19],[51.515,-0.2]]
[[51.515,-0.19],[51.51,-0.19],[51.51,-0.18],[51.515,-0.18],[51.515,-0.19]]
[[51.515,-0.18],[51.51,-0.18],[51.51,-0.17],[51.515,-0.17],[51.515,-0.18]]
[[51.515,-0.17],[51.51,-0.17],[51.51,-0.16],[51.515,-0.16],[51.515,-0.17]]
[[51.515,-0.16],[51.51,-0.16],[51.51,-0.15],[51.515,-0.15],[51.515,-0.16]]
[[51.515,-0.15],[51.51,-0.15],[51.51,-0.14],[51.515,-0.14],[51.515,-0.15]]
[[51.515,-0.14],[51.51,-0.14],[51.51,-0.13],[51.515,-0.13],[51.515,-0.14]]
[[51.515,-0.13],[51.51,-0.13],[51.51,-0.12],[51.515,-0.12],[51.515,-0.13]]
[[51.515,-0.12],[51.51,-0.12],[51.51,-0.11],[51.515,-0.11],[51.515,-0.12]]
[[51.515,-0.11],[51.51,-0.11],[51.51,-0.1],[51.515,-0.1],[51.515,-0.11]]
[[51.515,-0.1],[51.51,-0.1],[51.51,-0.09],[51.515,-0.09],[51.515,-0.1]]
[[51.515,-0.09],[51.51,-0.09],[51.51,-0.08],[51.515,-0.08],[51.515,-0.09]]
[[51.515,-0.08],[51.51,-0.08],[51.51,-0.07],[51.515,-0.07],[51.515,-0.08]]
[[51.515,-0.07],[51.51,-0.07],[51.51,-0.06],[51.515,-0.06],[51.515,-0.07]]
[[51.515,-0.06],[51.51,-0.06],[51.51,-0.05],[51.515,-0.05],[51.515,-0.06]]
[[51.515,-0.05],[51.51,-0.05],[51.51,-0.04],[51.515,-0.04],[51.515,-0.05]]
[[51.515,-0.04],[51.51,-0.04],[51.51,-0.03],[51.515,-0.03],[51.515,-0.04]]
[[51.515,-0.03],[51.51,-0.03],[51.51,-0.02],[51.515,-0.02],[51.515,-0.03]]
[[51.515,-0.02],[51.51,-0.02],[51.51,-0.01],[51.515,-0.01],[51.515,-0.02]]
[[51.515,-0.01],[51.51,-0.01],[51.51,0.0],[51.515,0.0],[51.515,-0.01]]
[[51.515,0.0],[51.51,0.0],[51.51,0.01],[51.515,0.01],[51.515,0.0]]
[[51.515,0.01],[51.51,0.01],[51.51,0.02],[51.515,0.02],[51.515,0.01]]
[[51.515,0.02],[51.51,0.02],[51.51,0.03],[51.515,0.03],[51.515,0.02]]
[[51.51,-0.299],[51.505,-0.299],[51.505,-0.29],[51.51,-0.29],[51.51,-0.299]]
[[51.51,-0.29],[51.505,-0.29],[51.505,-0.28],[51.51,-0.28],[51.51,-0.29]]
[[51.51,-0.28],[51.505,-0.28],[51.505,-0.27],[51.51,-0.27],[51.51,-0.28]]
[[51.51,-0.27],[51.505,-0.27],[51.505,-0.26],[51.51,-0.26],[51.51,-0.27]]
[[51.51,-0.26],[51.505,-0.26],[51.505,-0.25],[51.51,-0.25],[51.51,-0.26]]
[[51.51,-0.25],[51.505,-0.25],[51.505,-0.24],[51.51,-0.24],[51.51,-0.25]]
[[51.51,-0.24],[51.505,-0.24],[51.505,-0.23],[51.51,-0.23],[51.51,-0.24]]
[[51.51,-0.23],[51.505,-0.23],[51.505,-0.22],[51.51,-0.22],[51.51,-0.23]]
[[51.51,-0.22],[51.505,-0.22],[51.505,-0.21],[51.51,-0.21],[51.51,-0.22]]
[[51.51,-0.21],[51.505,-0.21],[51.505,-0.2],[51.51,-0.2],[51.51,-0.21]]
[[51.51,-0.2],[51.505,-0.2],[51.505,-0.19],[51.51,-0.19],[51.51,-0.2]]
[[51.51,-0.19],[51.505,-0.19],[51.505,-0.18],[51.51,-0.18],[51.51,-0.19]]
[[51.51,-0.18],[51.505,-0.18],[51.505,-0.17],[51.51,-0.17],[51.51,-0.18]]
[[51.51,-0.17],[51.505,-0.17],[51.505,-0.16],[51.51,-0.16],[51.51,-0.17]]
[[51.51,-0.16],[51.505,-0.16],[51.505,-0.15],[51.51,-0.15],[51.51,-0.16]]
[[51.51,-0.15],[51.505,-0.15],[51.505,-0.14],[51.51,-0.14],[51.51,-0.15]]
[[51.51,-0.14],[51.505,-0.14],[51.505,-0.13],[51.51,-0.13],[51.51,-0.14]]
[[51.51,-0.13],[51.505,-0.13],[51.505,-0.12],[51.51,-0.12],[51.51,-0.13]]
[[51.51,-0.12],[51.505,-0.12],[51.505,-0.11],[51.51,-0.11],[51.51,-0.12]]
[[51.51,-0.11],[51.505,-0.11],[51.505,-0.1],[51.51,-0.1],[51.51,-0.11]]
[[51.51,-0.1],[51.505,-0.1],[51.505,-0.09],[51.51,-0.09],[51.51,-0.1]]
[[51.51,-0.09],[51.505,-0.09],[51.505,-0.08],[51.51,-0.08],[51.51,-0.09]]
[[51.51,-0.08],[51.505,-0.08],[51.505,-0.07],[51.51,-0.07],[51.51,-0.08]]
[[51.51,-0.07],[51.505,-0.07],[51.505,-0.06],[51.51,-0.06],[51.51,-0.07]]
[[51.51,-0.06],[51.505,-0.06],[51.505,-0.05],[51.51,-0.05],[51.51,-0.06]]
[[51.51,-0.05],[51.505,-0.05],[51.505,-0.04],[51.51,-0.04],[51.51,-0.05]]
[[51.51,-0.04],[51.505,-0.04],[51.505,-0.03],[51.51,-0.03],[51.51,-0.04]]
[[51.51,-0.03],[51.505,-0.03],[51.505,-0.02],[51.51,-0.02],[51.51,-0.03]]
[[51.51,-0.02],[51.505,-0.02],[51.505,-0.01],[51.51,-0.01],[51.51,-0.02]]
[[51.51,-0.01],[51.505,-0.01],[51.505,0.0],[51.51,0.0],[51.51,-0.01]]
[[51.51,0.0],[51.505,0.0],[51.505,0.01],[51.51,0.01],[51.51,0.0]]
[[51.51,0.01],[51.505,0.01],[51.505,0.02],[51.51,0.02],[51.51,0.01]]
[[51.51,0.02],[51.505,0.02],[51.505,0.03],[51.51,0.03],[51.51,0.02]]
[[51.505,-0.299],[51.5,-0.299],[51.5,-0.29],[51.505,-0.29],[51.505,-0.299]]
[[51.505,-0.29],[51.5,-0.29],[51.5,-0.28],[51.505,-0.28],[51.505,-0.29]]
[[51.505,-0.28],[51.5,-0.28],[51.5,-0.27],[51.505,-0.27],[51.505,-0.28]]
[[51.505,-0.27],[51.5,-0.27],[51.5,-0.26],[51.505,-0.26],[51.505,-0.27]]
[[51.505,-0.26],[51.5,-0.26],[51.5,-0.25],[51.505,-0.25],[51.505,-0.26]]
[[51.505,-0.25],[51.5,-0.25],[51.5,-0.24],[51.505,-0.24],[51.505,-0.25]]
[[51.505,-0.24],[51.5,-0.24],[51.5,-0.23],[51.505,-0.23],[51.505,-0.24]]
[[51.505,-0.23],[51.5,-0.23],[51.5,-0.22],[51.505,-0.22],[51.505,-0.23]]
[[51.505,-0.22],[51.5,-0.22],[51.5,-0.21],[51.505,-0.21],[51.505,-0.22]]
[[51.505,-0.21],[51.5,-0.21],[51.5,-0.2],[51.505,-0.2],[51.505,-0.21]]
[[51.505,-0.2],[51.5,-0.2],[51.5,-0.19],[51.505,-0.19],[51.505,-0.2]]
[[51.505,-0.19],[51.5,-0.19],[51.5,-0.18],[51.505,-0.18],[51.505,-0.19]]
[[51.505,-0.18],[51.5,-0.18],[51.5,-0.17],[51.505,-0.17],[51.505,-0.18]]
[[51.505,-0.17],[51.5,-0.17],[51.5,-0.16],[51.505,-0.16],[51.505,-0.17]]
[[51.505,-0.16],[51.5,-0.16],[51.5,-0.15],[51.505,-0.15],[51.505,-0.16]]
[[51.505,-0.15],[51.5,-0.15],[51.5,-0.14],[51.505,-0.14],[51.505,-0.15]]
[[51.505,-0.14],[51.5,-0.14],[51.5,-0.13],[51.505,-0.13],[51.505,-0.14]]
[[51.505,-0.13],[51.5,-0.13],[51.5,-0.12],[51.505,-0.12],[51.505,-0.13]]
[[51.505,-0.12],[51.5,-0.12],[51.5,-0.11],[51.505,-0.11],[51.505,-0.12]]
[[51.505,-0.11],[51.5,-0.11],[51.5,-0.1],[51.505,-0.1],[51.505,-0.11]]
[[51.505,-0.1],[51.5,-0.1],[51.5,-0.09],[51.505,-0.09],[51.505,-0.1]]
[[51.505,-0.09],[51.5,-0.09],[51.5,-0.08],[51.505,-0.08],[51.505,-0.09]]
[[51.505,-0.08],[51.5,-0.08],[51.5,-0.07],[51.505,-0.07],[51.505,-0.08]]
[[51.505,-0.07],[51.5,-0.07],[51.5,-0.06],[51.505,-0.06],[51.505,-0.07]]
[[51.505,-0.06],[51.5,-0.06],[51.5,-0.05],[51.505,-0.05],[51.505,-0.06]]
[[51.505,-0.05],[51.5,-0.05],[51.5,-0.04],[51.505,-0.04],[51.505,-0.05]]
[[51.505,-0.04],[51.5,-0.04],[51.5,-0.03],[51.505,-0.03],[51.505,-0.04]]
[[51.505,-0.03],[51.5,-0.03],[51.5,-0.02],[51.505,-0.02],[51.505,-0.03]]
[[51.505,-0.02],[51.5,-0.02],[51.5,-0.01],[51.505,-0.01],[51.505,-0.02]]
[[51.505,-0.01],[51.5,-0.01],[51.5,0.0],[51.505,0.0],[51.505,-0.01]]
[[51.505,0.0],[51.5,0.0],[51.5,0.01],[51.505,0.01],[51.505,0.0]]
[[51.505,0.01],[51.5,0.01],[51.5,0.02],[51.505,0.02],[51.505,0.01]]
[[51.505,0.02],[51.5,0.02],[51.5,0.03],[51.505,0.03],[51.505,0.02]]
[[51.5,-0.299],[51.495,-0.299],[51.495,-0.29],[51.5,-0.29],[51.5,-0.299]]
[[51.5,-0.29],[51.495,-0.29],[51.495,-0.28],[51.5,-0.28],[51.5,-0.29]]
[[51.5,-0.28],[51.495,-0.28],[51.495,-0.27],[51.5,-0.27],[51.5,-0.28]]
[[51.5,-0.27],[51.495,-0.27],[51.495,-0.26],[51.5,-0.26],[51.5,-0.27]]
[[51.5,-0.26],[51.495,-0.26],[51.495,-0.25],[51.5,-0.25],[51.5,-0.26]]
[[51.5,-0.25],[51.495,-0.25],[51.495,-0.24],[51.5,-0.24],[51.5,-0.25]]
[[51.5,-0.24],[51.495,-0.24],[51.495,-0.23],[51.5,-0.23],[51.5,-0.24]]
[[51.5,-0.23],[51.495,-0.23],[51.495,-0.22],[51.5,-0.22],[51.5,-0.23]]
[[51.5,-0.22],[51.495,-0.22],[51.495,-0.21],[51.5,-0.21],[51.5,-0.22]]
[[51.5,-0.21],[51.495,-0.21],[51.495,-0.2],[51.5,-0.2],[51.5,-0.21]]
[[51.5,-0.2],[51.495,-0.2],[51.495,-0.19],[51.5,-0.19],[51.5,-0.2]]
[[51.5,-0.19],[51.495,-0.19],[51.495,-0.18],[51.5,-0.18],[51.5,-0.19]]
[[51.5,-0.18],[51.495,-0.18],[51.495,-0.17],[51.5,-0.17],[51.5,-0.18]]
[[51.5,-0.17],[51.495,-0.17],[51.495,-0.16],[51.5,-0.16],[51.5,-0.17]]
[[51.5,-0.16],[51.495,-0.16],[51.495,-0.15],[51.5,-0.15],[51.5,-0.16]]
[[51.5,-0.15],[51.495,-0.15],[51.495,-0.14],[51.5,-0.14],[51.5,-0.15]]
[[51.5,-0.14],[51.495,-0.14],[51.495,-0.13],[51.5,-0.13],[51.5,-0.14]]
[[51.5,-0.13],[51.495,-0.13],[51.495,-0.12],[51.5,-0.12],[51.5,-0.13]]
[[51.5,-0.12],[51.495,-0.12],[51.495,-0.11],[51.5,-0.11],[51.5,-0.12]]
[[51.5,-0.11],[51.495,-0.11],[51.495,-0.1],[51.5,-0.1],[51.5,-0.11]]
[[51.5,-0.1],[51.495,-0.1],[51.495,-0.09],[51.5,-0.09],[51.5,-0.1]]
[[51.5,-0.09],[51.495,-0.09],[51.495,-0.08],[51.5,-0.08],[51.5,-0.09]]
[[51.5,-0.08],[51.495,-0.08],[51.495,-0.07],[51.5,-0.07],[51.5,-0.08]]
[[51.5,-0.07],[51.495,-0.07],[51.495,-0.06],[51.5,-0.06],[51.5,-0.07]]
[[51.5,-0.06],[51.495,-0.06],[51.495,-0.05],[51.5,-0.05],[51.5,-0.06]]
[[51.5,-0.05],[51.495,-0.05],[51.495,-0.04],[51.5,-0.04],[51.5,-0.05]]
[[51.5,-0.04],[51.495,-0.04],[51.495,-0.03],[51.5,-0.03],[51.5,-0.04]]
[[51.5,-0.03],[51.495,-0.03],[51.495,-0.02],[51.5,-0.02],[51.5,-0.03]]
[[51.5,-0.02],[51.495,-0.02],[51.495,-0.01],[51.5,-0.01],[51.5,-0.02]]
[[51.5,-0.01],[51.495,-0.01],[51.495,0.0],[51.5,0.0],[51.5,-0.01]]
[[51.5,0.0],[51.495,0.0],[51.495,0.01],[51.5,0.01],[51.5,0.0]]
[[51.5,0.01],[51.495,0.01],[51.495,0.02],[51.5,0.02],[51.5,0.01]]
[[51.5,0.02],[51.495,0.02],[51.495,0.03],[51.5,0.03],[51.5,0.02]]
[[51.495,-0.299],[51.49,-0.299],[51.49,-0.29],[51.495,-0.29],[51.495,-0.299]]
[[51.495,-0.29],[51.49,-0.29],[51.49,-0.28],[51.495,-0.28],[51.495,-0.29]]
[[51.495,-0.28],[51.49,-0.28],[51.49,-0.27],[51.495,-0.27],[51.495,-0.28]]
[[51.495,-0.27],[51.49,-0.27],[51.49,-0.26],[51.495,-0.26],[51.495,-0.27]]
[[51.495,-0.26],[51.49,-0.26],[51.49,-0.25],[51.495,-0.25],[51.495,-0.26]]
[[51.495,-0.25],[51.49,-0.25],[51.49,-0.24],[51.495,-0.24],[51.495,-0.25]]
[[51.495,-0.24],[51.49,-0.24],[51.49,-0.23],[51.495,-0.23],[51.495,-0.24]]
[[51.495,-0.23],[51.49,-0.23],[51.49,-0.22],[51.495,-0.22],[51.495,-0.23]]
[[51.495,-0.22],[51.49,-0.22],[51.49,-0.21],[51.495,-0.21],[51.495,-0.22]]
[[51.495,-0.21],[51.49,-0.21],[51.49,-0.2],[51.495,-0.2],[51.495,-0.21]]
[[51.495,-0.2],[51.49,-0.2],[51.49,-0.19],[51.495,-0.19],[51.495,-0.2]]
[[51.495,-0.19],[51.49,-0.19],[51.49,-0.18],[51.495,-0.18],[51.495,-0.19]]
[[51.495,-0.18],[51.49,-0.18],[51.49,-0.17],[51.495,-0.17],[51.495,-0.18]]
[[51.495,-0.17],[51.49,-0.17],[51.49,-0.16],[51.495,-0.16],[51.495,-0.17]]
[[51.495,-0.16],[51.49,-0.16],[51.49,-0.15],[51.495,-0.15],[51.495,-0.16]]
[[51.495,-0.15],[51.49,-0.15],[51.49,-0.14],[51.495,-0.14],[51.495,-0.15]]
[[51.495,-0.14],[51.49,-0.14],[51.49,-0.13],[51.495,-0.13],[51.495,-0.14]]
[[51.495,-0.13],[51.49,-0.13],[51.49,-0.12],[51.495,-0.12],[51.495,-0.13]]
[[51.495,-0.12],[51.49,-0.12],[51.49,-0.11],[51.495,-0.11],[51.495,-0.12]]
[[51.495,-0.11],[51.49,-0.11],[51.49,-0.1],[51.495,-0.1],[51.495,-0.11]]
[[51.495,-0.1],[51.49,-0.1],[51.49,-0.09],[51.495,-0.09],[51.495,-0.1]]
[[51.495,-0.09],[51.49,-0.09],[51.49,-0.08],[51.495,-0.08],[51.495,-0.09]]
[[51.495,-0.08],[51.49,-0.08],[51.49,-0.07],[51.495,-0.07],[51.495,-0.08]]
[[51.495,-0.07],[51.49,-0.07],[51.49,-0.06],[51.495,-0.06],[51.495,-0.07]]
[[51.495,-0.06],[51.49,-0.06],[51.49,-0.05],[51.495,-0.05],[51.495,-0.06]]
[[51.495,-0.05],[51.49,-0.05],[51.49,-0.04],[51.495,-0.04],[51.495,-0.05]]
[[51.495,-0.04],[51.49,-0.04],[51.49,-0.03],[51.495,-0.03],[51.495,-0.04]]
[[51.495,-0.03],[51.49,-0.03],[51.49,-0.02],[51.495,-0.02],[51.495,-0.03]]
[[51.495,-0.02],[51.49,-0.02],[51.49,-0.01],[51.495,-0.01],[51.495,-0.02]]
[[51.495,-0.01],[51.49,-0.01],[51.49,0.0],[51.495,0.0],[51.495,-0.01]]
[[51.495,0.0],[51.49,0.0],[51.49,0.01],[51.495,0.01],[51.495,0.0]]
[[51.495,0.01],[51.49,0.01],[51.49,0.02],[51.495,0.02],[51.495,0.01]]
[[51.495,0.02],[51.49,0.02],[51.49,0.03],[51.495,0.03],[51.495,0.02]]
[[51.49,-0.299],[51.485,-0.299],[51.485,-0.29],[51.49,-0.29],[51.49,-0.299]]
[[51.49,-0.29],[51.485,-0.29],[51.485,-0.28],[51.49,-0.28],[51.49,-0.29]]
[[51.49,-0.28],[51.485,-0.28],[51.485,-0.27],[51.49,-0.27],[51.49,-0.28]]
[[51.49,-0.27],[51.485,-0.27],[51.485,-0.26],[51.49,-0.26],[51.49,-0.27]]
[[51.49,-0.26],[51.485,-0.26],[51.485,-0.25],[51.49,-0.25],[51.49,-0.26]]
[[51.49,-0.25],[51.485,-0.25],[51.485,-0.24],[51.49,-0.24],[51.49,-0.25]]
[[51.49,-0.24],[51.485,-0.24],[51.485,-0.23],[51.49,-0.23],[51.49,-0.24]]
[[51.49,-0.23],[51.485,-0.23],[51.485,-0.22],[51.49,-0.22],[51.49,-0.23]]
[[51.49,-0.22],[51.485,-0.22],[51.485,-0.21],[51.49,-0.21],[51.49,-0.22]]
[[51.49,-0.21],[51.485,-0.21],[51.485,-0.2],[51.49,-0.2],[51.49,-0.21]]
[[51.49,-0.2],[51.485,-0.2],[51.485,-0.19],[51.49,-0.19],[51.49,-0.2]]
[[51.49,-0.19],[51.485,-0.19],[51.485,-0.18],[51.49,-0.18],[51.49,-0.19]]
[[51.49,-0.18],[51.485,-0.18],[51.485,-0.17],[51.49,-0.17],[51.49,-0.18]]
[[51.49,-0.17],[51.485,-0.17],[51.485,-0.16],[51.49,-0.16],[51.49,-0.17]]
[[51.49,-0.16],[51.485,-0.16],[51.485,-0.15],[51.49,-0.15],[51.49,-0.16]]
[[51.49,-0.15],[51.485,-0.15],[51.485,-0.14],[51.49,-0.14],[51.49,-0.15]]
[[51.49,-0.14],[51.485,-0.14],[51.485,-0.13],[51.49,-0.13],[51.49,-0.14]]
[[51.49,-0.13],[51.485,-0.13],[51.485,-0.12],[51.49,-0.12],[51.49,-0.13]]
[[51.49,-0.12],[51.485,-0.12],[51.485,-0.11],[51.49,-0.11],[51.49,-0.12]]
[[51.49,-0.11],[51.485,-0.11],[51.485,-0.1],[51.49,-0.1],[51.49,-0.11]]
[[51.49,-0.1],[51.485,-0.1],[51.485,-0.09],[51.49,-0.09],[51.49,-0.1]]
[[51.49,-0.09],[51.485,-0.09],[51.485,-0.08],[51.49,-0.08],[51.49,-0.09]]
[[51.49,-0.08],[51.485,-0.08],[51.485,-0.07],[51.49,-0.07],[51.49,-0.08]]
[[51.49,-0.07],[51.485,-0.07],[51.485,-0.06],[51.49,-0.06],[51.49,-0.07]]
[[51.49,-0.06],[51.485,-0.06],[51.485,-0.05],[51.49,-0.05],[51.49,-0.06]]
[[51.49,-0.05],[51.485,-0.05],[51.485,-0.04],[51.49,-0.04],[51.49,-0.05]]
[[51.49,-0.04],[51.485,-0.04],[51.485,-0.03],[51.49,-0.03],[51.49,-0.04]]
[[51.49,-0.03],[51.485,-0.03],[51.485,-0.02],[51.49,-0.02],[51.49,-0.03]]
[[51.49,-0.02],[51.485,-0.02],[51.485,-0.01],[51.49,-0.01],[51.49,-0.02]]
[[51.49,-0.01],[51.485,-0.01],[51.485,0.0],[51.49,0.0],[51.49,-0.01]]
[[51.49,0.0],[51.485,0.0],[51.485,0.01],[51.49,0.01],[51.49,0.0]]
[[51.49,0.01],[51.485,0.01],[51.485,0.02],[51.49,0.02],[51.49,0.01]]
[[51.49,0.02],[51.485,0.02],[51.485,0.03],[51.49,0.03],[51.49,0.02]]
[[51.485,-0.299],[51.48,-0.299],[51.48,-0.29],[51.485,-0.29],[51.485,-0.299]]
[[51.485,-0.29],[51.48,-0.29],[51.48,-0.28],[51.485,-0.28],[51.485,-0.29]]
[[51.485,-0.28],[51.48,-0.28],[51.48,-0.27],[51.485,-0.27],[51.485,-0.28]]
[[51.485,-0.27],[51.48,-0.27],[51.48,-0.26],[51.485,-0.26],[51.485,-0.27]]
[[51.485,-0.26],[51.48,-0.26],[51.48,-0.25],[51.485,-0.25],[51.485,-0.26]]
[[51.485,-0.25],[51.48,-0.25],[51.48,-0.24],[51.485,-0.24],[51.485,-0.25]]
[[51.485,-0.24],[51.48,-0.24],[51.48,-0.23],[51.485,-0.23],[51.485,-0.24]]
[[51.485,-0.23],[51.48,-0.23],[51.48,-0.22],[51.485,-0.22],[51.485,-0.23]]
[[51.485,-0.22],[51.48,-0.22],[51.48,-0.21],[51.485,-0.21],[51.485,-0.22]]
[[51.485,-0.21],[51.48,-0.21],[51.48,-0.2],[51.485,-0.2],[51.485,-0.21]]
[[51.485,-0.2],[51.48,-0.2],[51.48,-0.19],[51.485,-0.19],[51.485,-0.2]]
[[51.485,-0.19],[51.48,-0.19],[51.48,-0.18],[51.485,-0.18],[51.485,-0.19]]
[[51.485,-0.18],[51.48,-0.18],[51.48,-0.17],[51.485,-0.17],[51.485,-0.18]]
[[51.485,-0.17],[51.48,-0.17],[51.48,-0.16],[51.485,-0.16],[51.485,-0.17]]
[[51.485,-0.16],[51.48,-0.16],[51.48,-0.15],[51.485,-0.15],[51.485,-0.16]]
[[51.485,-0.15],[51.48,-0.15],[51.48,-0.14],[51.485,-0.14],[51.485,-0.15]]
[[51.485,-0.14],[51.48,-0.14],[51.48,-0.13],[51.485,-0.13],[51.485,-0.14]]
[[51.485,-0.13],[51.48,-0.13],[51.48,-0.12],[51.485,-0.12],[51.485,-0.13]]
[[51.485,-0.12],[51.48,-0.12],[51.48,-0.11],[51.485,-0.11],[51.485,-0.12]]
[[51.485,-0.11],[51.48,-0.11],[51.48,-0.1],[51.485,-0.1],[51.485,-0.11]]
[[51.485,-0.1],[51.48,-0.1],[51.48,-0.09],[51.485,-0.09],[51.485,-0.1]]
[[51.485,-0.09],[51.48,-0.09],[51.48,-0.08],[51.485,-0.08],[51.485,-0.09]]
[[51.485,-0.08],[51.48,-0.08],[51.48,-0.07],[51.485,-0.07],[51.485,-0.08]]
[[51.485,-0.07],[51.48,-0.07],[51.48,-0.06],[51.485,-0.06],[51.485,-0.07]]
[[51.485,-0.06],[51.48,-0.06],[51.48,-0.05],[51.485,-0.05],[51.485,-0.06]]
[[51.485,-0.05],[51.48,-0.05],[51.48,-0.04],[51.485,-0.04],[51.485,-0.05]]
[[51.485,-0.04],[51.48,-0.04],[51.48,-0.03],[51.485,-0.03],[51.485,-0.04]]
[[51.485,-0.03],[51.48,-0.03],[51.48,-0.02],[51.485,-0.02],[51.485,-0.03]]
[[51.485,-0.02],[51.48,-0.02],[51.48,-0.01],[51.485,-0.01],[51.485,-0.02]]
[[51.485,-0.01],[51.48,-0.01],[51.48,0.0],[51.485,0.0],[51.485,-0.01]]
[[51.485,0.0],[51.48,0.0],[51.48,0.01],[51.485,0.01],[51.485,0.0]]
[[51.485,0.01],[51.48,0.01],[51.48,0.02],[51.485,0.02],[51.485,0.01]]
[[51.485,0.02],[51.48,0.02],[51.48,0.03],[51.485,0.03],[51.485,0.02]]
[[51.48,-0.299],[51.475,-0.299],[51.475,-0.29],[51.48,-0.29],[51.48,-0.299]]
[[51.48,-0.29],[51.475,-0.29],[51.475,-0.28],[51.48,-0.28],[51.48,-0.29]]
[[51.48,-0.28],[51.475,-0.28],[51.475,-0.27],[51.48,-0.27],[51.48,-0.28]]
[[51.48,-0.27],[51.475,-0.27],[51.475,-0.26],[51.48,-0.26],[51.48,-0.27]]
[[51.48,-0.26],[51.475,-0.26],[51.475,-0.25],[51.48,-0.25],[51.48,-0.26]]
[[51.48,-0.25],[51.475,-0.25],[51.475,-0.24],[51.48,-0.24],[51.48,-0.25]]
[[51.48,-0.24],[51.475,-0.24],[51.475,-0.23],[51.48,-0.23],[51.48,-0.24]]
[[51.48,-0.23],[51.475,-0.23],[51.475,-0.22],[51.48,-0.22],[51.48,-0.23]]
[[51.48,-0.22],[51.475,-0.22],[51.475,-0.21],[51.48,-0.21],[51.48,-0.22]]
[[51.48,-0.21],[51.475,-0.21],[51.475,-0.2],[51.48,-0.2],[51.48,-0.21]]
[[51.48,-0.2],[51.475,-0.2],[51.475,-0.19],[51.48,-0.19],[51.48,-0.2]]
[[51.48,-0.19],[51.475,-0.19],[51.475,-0.18],[51.48,-0.18],[51.48,-0.19]]
[[51.48,-0.18],[51.475,-0.18],[51.475,-0.17],[51.48,-0.17],[51.48,-0.18]]
[[51.48,-0.17],[51.475,-0.17],[51.475,-0.16],[51.48,-0.16],[51.48,-0.17]]
[[51.48,-0.16],[51.475,-0.16],[51.475,-0.15],[51.48,-0.15],[51.48,-0.16]]
[[51.48,-0.15],[51.475,-0.15],[51.475,-0.14],[51.48,-0.14],[51.48,-0.15]]
[[51.48,-0.14],[51.475,-0.14],[51.475,-0.13],[51.48,-0.13],[51.48,-0.14]]
[[51.48,-0.13],[51.475,-0.13],[51.475,-0.12],[51.48,-0.12],[51.48,-0.13]]
[[51.48,-0.12],[51.475,-0.12],[51.475,-0.11],[51.48,-0.11],[51.48,-0.12]]
[[51.48,-0.11],[51.475,-0.11],[51.475,-0.1],[51.48,-0.1],[51.48,-0.11]]
[[51.48,-0.1],[51.475,-0.1],[51.475,-0.09],[51.48,-0.09],[51.48,-0.1]]
[[51.48,-0.09],[51.475,-0.09],[51.475,-0.08],[51.48,-0.08],[51.48,-0.09]]
[[51.48,-0.08],[51.475,-0.08],[51.475,-0.07],[51.48,-0.07],[51.48,-0.08]]
[[51.48,-0.07],[51.475,-0.07],[51.475,-0.06],[51.48,-0.06],[51.48,-0.07]]
[[51.48,-0.06],[51.475,-0.06],[51.475,-0.05],[51.48,-0.05],[51.48,-0.06]]
[[51.48,-0.05],[51.475,-0.05],[51.475,-0.04],[51.48,-0.04],[51.48,-0.05]]
[[51.48,-0.04],[51.475,-0.04],[51.475,-0.03],[51.48,-0.03],[51.48,-0.04]]
[[51.48,-0.03],[51.475,-0.03],[51.475,-0.02],[51.48,-0.02],[51.48,-0.03]]
[[51.48,-0.02],[51.475,-0.02],[51.475,-0.01],[51.48,-0.01],[51.48,-0.02]]
[[51.48,-0.01],[51.475,-0.01],[51.475,0.0],[51.48,0.0],[51.48,-0.01]]
[[51.48,0.0],[51.475,0.0],[51.475,0.01],[51.48,0.01],[51.48,0.0]]
[[51.48,0.01],[51.475,0.01],[51.475,0.02],[51.48,0.02],[51.48,0.01]]
[[51.48,0.02],[51.475,0.02],[51.475,0.03],[51.48,0.03],[51.48,0.02]]
[[51.475,-0.299],[51.47,-0.299],[51.47,-0.29],[51.475,-0.29],[51.475,-0.299]]
[[51.475,-0.29],[51.47,-0.29],[51.47,-0.28],[51.475,-0.28],[51.475,-0.29]]
[[51.475,-0.28],[51.47,-0.28],[51.47,-0.27],[51.475,-0.27],[51.475,-0.28]]
[[51.475,-0.27],[51.47,-0.27],[51.47,-0.26],[51.475,-0.26],[51.475,-0.27]]
[[51.475,-0.26],[51.47,-0.26],[51.47,-0.25],[51.475,-0.25],[51.475,-0.26]]
[[51.475,-0.25],[51.47,-0.25],[51.47,-0.24],[51.475,-0.24],[51.475,-0.25]]
[[51.475,-0.24],[51.47,-0.24],[51.47,-0.23],[51.475,-0.23],[51.475,-0.24]]
[[51.475,-0.23],[51.47,-0.23],[51.47,-0.22],[51.475,-0.22],[51.475,-0.23]]
[[51.475,-0.22],[51.47,-0.22],[51.47,-0.21],[51.475,-0.21],[51.475,-0.22]]
[[51.475,-0.21],[51.47,-0.21],[51.47,-0.2],[51.475,-0.2],[51.475,-0.21]]
[[51.475,-0.2],[51.47,-0.2],[51.47,-0.19],[51.475,-0.19],[51.475,-0.2]]
[[51.475,-0.19],[51.47,-0.19],[51.47,-0.18],[51.475,-0.18],[51.475,-0.19]]
[[51.475,-0.18],[51.47,-0.18],[51.47,-0.17],[51.475,-0.17],[51.475,-0.18]]
[[51.475,-0.17],[51.47,-0.17],[51.47,-0.16],[51.475,-0.16],[51.475,-0.17]]
[[51.475,-0.16],[51.47,-0.16],[51.47,-0.15],[51.475,-0.15],[51.475,-0.16]]
[[51.475,-0.15],[51.47,-0.15],[51.47,-0.14],[51.475,-0.14],[51.475,-0.15]]
[[51.475,-0.14],[51.47,-0.14],[51.47,-0.13],[51.475,-0.13],[51.475,-0.14]]
[[51.475,-0.13],[51.47,-0.13],[51.47,-0.12],[51.475,-0.12],[51.475,-0.13]]
[[51.475,-0.12],[51.47,-0.12],[51.47,-0.11],[51.475,-0.11],[51.475,-0.12]]
[[51.475,-0.11],[51.47,-0.11],[51.47,-0.1],[51.475,-0.1],[51.475,-0.11]]
[[51.475,-0.1],[51.47,-0.1],[51.47,-0.09],[51.475,-0.09],[51.475,-0.1]]
[[51.475,-0.09],[51.47,-0.09],[51.47,-0.08],[51.475,-0.08],[51.475,-0.09]]
[[51.475,-0.08],[51.47,-0.08],[51.47,-0.07],[51.475,-0.07],[51.475,-0.08]]
[[51.475,-0.07],[51.47,-0.07],[51.47,-0.06],[51.475,-0.06],[51.475,-0.07]]
[[51.475,-0.06],[51.47,-0.06],[51.47,-0.05],[51.475,-0.05],[51.475,-0.06]]
[[51.475,-0.05],[51.47,-0.05],[51.47,-0.04],[51.475,-0.04],[51.475,-0.05]]
[[51.475,-0.04],[51.47,-0.04],[51.47,-0.03],[51.475,-0.03],[51.475,-0.04]]
[[51.475,-0.03],[51.47,-0.03],[51.47,-0.02],[51.475,-0.02],[51.475,-0.03]]
[[51.475,-0.02],[51.47,-0.02],[51.47,-0.01],[51.475,-0.01],[51.475,-0.02]]
[[51.475,-0.01],[51.47,-0.01],[51.47,0.0],[51.475,0.0],[51.475,-0.01]]
[[51.475,0.0],[51.47,0.0],[51.47,0.01],[51.475,0.01],[51.475,0.0]]
[[51.475,0.01],[51.47,0.01],[51.47,0.02],[51.475,0.02],[51.475,0.01]]
[[51.475,0.02],[51.47,0.02],[51.47,0.03],[51.475,0.03],[51.475,0.02]]
[[51.47,-0.299],[51.465,-0.299],[51.465,-0.29],[51.47,-0.29],[51.47,-0.299]]
[[51.47,-0.29],[51.465,-0.29],[51.465,-0.28],[51.47,-0.28],[51.47,-0.29]]
[[51.47,-0.28],[51.465,-0.28],[51.465,-0.27],[51.47,-0.27],[51.47,-0.28]]
[[51.47,-0.27],[51.465,-0.27],[51.465,-0.26],[51.47,-0.26],[51.47,-0.27]]
[[51.47,-0.26],[51.465,-0.26],[51.465,-0.25],[51.47,-0.25],[51.47,-0.26]]
[[51.47,-0.25],[51.465,-0.25],[51.465,-0.24],[51.47,-0.24],[51.47,-0.25]]
[[51.47,-0.24],[51.465,-0.24],[51.465,-0.23],[51.47,-0.23],[51.47,-0.24]]
[[51.47,-0.23],[51.465,-0.23],[51.465,-0.22],[51.47,-0.22],[51.47,-0.23]]
[[51.47,-0.22],[51.465,-0.22],[51.465,-0.21],[51.47,-0.21],[51.47,-0.22]]
[[51.47,-0.21],[51.465,-0.21],[51.465,-0.2],[51.47,-0.2],[51.47,-0.21]]
[[51.47,-0.2],[51.465,-0.2],[51.465,-0.19],[51.47,-0.19],[51.47,-0.2]]
[[51.47,-0.19],[51.465,-0.19],[51.465,-0.18],[51.47,-0.18],[51.47,-0.19]]
[[51.47,-0.18],[51.465,-0.18],[51.465,-0.17],[51.47,-0.17],[51.47,-0.18]]
[[51.47,-0.17],[51.465,-0.17],[51.465,-0.16],[51.47,-0.16],[51.47,-0.17]]
[[51.47,-0.16],[51.465,-0.16],[51.465,-0.15],[51.47,-0.15],[51.47,-0.16]]
[[51.47,-0.15],[51.465,-0.15],[51.465,-0.14],[51.47,-0.14],[51.47,-0.15]]
[[51.47,-0.14],[51.465,-0.14],[51.465,-0.13],[51.47,-0.13],[51.47,-0.14]]
[[51.47,-0.13],[51.465,-0.13],[51.465,-0.12],[51.47,-0.12],[51.47,-0.13]]
[[51.47,-0.12],[51.465,-0.12],[51.465,-0.11],[51.47,-0.11],[51.47,-0.12]]
[[51.47,-0.11],[51.465,-0.11],[51.465,-0.1],[51.47,-0.1],[51.47,-0.11]]
[[51.47,-0.1],[51.465,-0.1],[51.465,-0.09],[51.47,-0.09],[51.47,-0.1]]
[[51.47,-0.09],[51.465,-0.09],[51.465,-0.08],[51.47,-0.08],[51.47,-0.09]]
[[51.47,-0.08],[51.465,-0.08],[51.465,-0.07],[51.47,-0.07],[51.47,-0.08]]
[[51.47,-0.07],[51.465,-0.07],[51.465,-0.06],[51.47,-0.06],[51.47,-0.07]]
[[51.47,-0.06],[51.465,-0.06],[51.465,-0.05],[51.47,-0.05],[51.47,-0.06]]
[[51.47,-0.05],[51.465,-0.05],[51.465,-0.04],[51.47,-0.04],[51.47,-0.05]]
[[51.47,-0.04],[51.465,-0.04],[51.465,-0.03],[51.47,-0.03],[51.47,-0.04]]
[[51.47,-0.03],[51.465,-0.03],[51.465,-0.02],[51.47,-0.02],[51.47,-0.03]]
[[51.47,-0.02],[51.465,-0.02],[51.465,-0.01],[51.47,-0.01],[51.47,-0.02]]
[[51.47,-0.01],[51.465,-0.01],[51.465,0.0],[51.47,0.0],[51.47,-0.01]]
[[51.47,0.0],[51.465,0.0],[51.465,0.01],[51.47,0.01],[51.47,0.0]]
[[51.47,0.01],[51.465,0.01],[51.465,0.02],[51.47,0.02],[51.47,0.01]]
[[51.47,0.02],[51.465,0.02],[51.465,0.03],[51.47,0.03],[51.47,0.02]]
[[51.465,-0.299],[51.46,-0.299],[51.46,-0.29],[51.465,-0.29],[51.465,-0.299]]
[[51.465,-0.29],[51.46,-0.29],[51.46,-0.28],[51.465,-0.28],[51.465,-0.29]]
[[51.465,-0.28],[51.46,-0.28],[51.46,-0.27],[51.465,-0.27],[51.465,-0.28]]
[[51.465,-0.27],[51.46,-0.27],[51.46,-0.26],[51.465,-0.26],[51.465,-0.27]]
[[51.465,-0.26],[51.46,-0.26],[51.46,-0.25],[51.465,-0.25],[51.465,-0.26]]
[[51.465,-0.25],[51.46,-0.25],[51.46,-0.24],[51.465,-0.24],[51.465,-0.25]]
[[51.465,-0.24],[51.46,-0.24],[51.46,-0.23],[51.465,-0.23],[51.465,-0.24]]
[[51.465,-0.23],[51.46,-0.23],[51.46,-0.22],[51.465,-0.22],[51.465,-0.23]]
[[51.465,-0.22],[51.46,-0.22],[51.46,-0.21],[51.465,-0.21],[51.465,-0.22]]
[[51.465,-0.21],[51.46,-0.21],[51.46,-0.2],[51.465,-0.2],[51.465,-0.21]]
[[51.465,-0.2],[51.46,-0.2],[51.46,-0.19],[51.465,-0.19],[51.465,-0.2]]
[[51.465,-0.19],[51.46,-0.19],[51.46,-0.18],[51.465,-0.18],[51.465,-0.19]]
[[51.465,-0.18],[51.46,-0.18],[51.46,-0.17],[51.465,-0.17],[51.465,-0.18]]
[[51.465,-0.17],[51.46,-0.17],[51.46,-0.16],[51.465,-0.16],[51.465,-0.17]]
[[51.465,-0.16],[51.46,-0.16],[51.46,-0.15],[51.465,-0.15],[51.465,-0.16]]
[[51.465,-0.15],[51.46,-0.15],[51.46,-0.14],[51.465,-0.14],[51.465,-0.15]]
[[51.465,-0.14],[51.46,-0.14],[51.46,-0.13],[51.465,-0.13],[51.465,-0.14]]
[[51.465,-0.13],[51.46,-0.13],[51.46,-0.12],[51.465,-0.12],[51.465,-0.13]]
[[51.465,-0.12],[51.46,-0.12],[51.46,-0.11],[51.465,-0.11],[51.465,-0.12]]
[[51.465,-0.11],[51.46,-0.11],[51.46,-0.1],[51.465,-0.1],[51.465,-0.11]]
[[51.465,-0.1],[51.46,-0.1],[51.46,-0.09],[51.465,-0.09],[51.465,-0.1]]
[[51.465,-0.09],[51.46,-0.09],[51.46,-0.08],[51.465,-0.08],[51.465,-0.09]]
[[51.465,-0.08],[51.46,-0.08],[51.46,-0.07],[51.465,-0.07],[51.465,-0.08]]
[[51.465,-0.07],[51.46,-0.07],[51.46,-0.06],[51.465,-0.06],[51.465,-0.07]]
[[51.465,-0.06],[51.46,-0.06],[51.46,-0.05],[51.465,-0.05],[51.465,-0.06]]
[[51.465,-0.05],[51.46,-0.05],[51.46,-0.04],[51.465,-0.04],[51.465,-0.05]]
[[51.465,-0.04],[51.46,-0.04],[51.46,-0.03],[51.465,-0.03],[51.465,-0.04]]
[[51.465,-0.03],[51.46,-0.03],[51.46,-0.02],[51.465,-0.02],[51.465,-0.03]]
[[51.465,-0.02],[51.46,-0.02],[51.46,-0.01],[51.465,-0.01],[51.465,-0.02]]
[[51.465,-0.01],[51.46,-0.01],[51.46,0.0],[51.465,0.0],[51.465,-0.01]]
[[51.465,0.0],[51.46,0.0],[51.46,0.01],[51.465,0.01],[51.465,0.0]]
[[51.465,0.01],[51.46,0.01],[51.46,0.02],[51.465,0.02],[51.465,0.01]]
[[51.465,0.02],[51.46,0.02],[51.46,0.03],[51.465,0.03],[51.465,0.02]]
[[51.46,-0.299],[51.455,-0.299],[51.455,-0.29],[51.46,-0.29],[51.46,-0.299]]
[[51.46,-0.29],[51.455,-0.29],[51.455,-0.28],[51.46,-0.28],[51.46,-0.29]]
[[51.46,-0.28],[51.455,-0.28],[51.455,-0.27],[51.46,-0.27],[51.46,-0.28]]
[[51.46,-0.27],[51.455,-0.27],[51.455,-0.26],[51.46,-0.26],[51.46,-0.27]]
[[51.46,-0.26],[51.455,-0.26],[51.455,-0.25],[51.46,-0.25],[51.46,-0.26]]
[[51.46,-0.25],[51.455,-0.25],[51.455,-0.24],[51.46,-0.24],[51.46,-0.25]]
[[51.46,-0.24],[51.455,-0.24],[51.455,-0.23],[51.46,-0.23],[51.46,-0.24]]
[[51.46,-0.23],[51.455,-0.23],[51.455,-0.22],[51.46,-0.22],[51.46,-0.23]]
[[51.46,-0.22],[51.455,-0.22],[51.455,-0.21],[51.46,-0.21],[51.46,-0.22]]
[[51.46,-0.21],[51.455,-0.21],[51.455,-0.2],[51.46,-0.2],[51.46,-0.21]]
[[51.46,-0.2],[51.455,-0.2],[51.455,-0.19],[51.46,-0.19],[51.46,-0.2]]
[[51.46,-0.19],[51.455,-0.19],[51.455,-0.18],[51.46,-0.18],[51.46,-0.19]]
[[51.46,-0.18],[51.455,-0.18],[51.455,-0.17],[51.46,-0.17],[51.46,-0.18]]
[[51.46,-0.17],[51.455,-0.17],[51.455,-0.16],[51.46,-0.16],[51.46,-0.17]]
[[51.46,-0.16],[51.455,-0.16],[51.455,-0.15],[51.46,-0.15],[51.46,-0.16]]
[[51.46,-0.15],[51.455,-0.15],[51.455,-0.14],[51.46,-0.14],[51.46,-0.15]]
[[51.46,-0.14],[51.455,-0.14],[51.455,-0.13],[51.46,-0.13],[51.46,-0.14]]
[[51.46,-0.13],[51.455,-0.13],[51.455,-0.12],[51.46,-0.12],[51.46,-0.13]]
[[51.46,-0.12],[51.455,-0.12],[51.455,-0.11],[51.46,-0.11],[51.46,-0.12]]
[[51.46,-0.11],[51.455,-0.11],[51.455,-0.1],[51.46,-0.1],[51.46,-0.11]]
[[51.46,-0.1],[51.455,-0.1],[51.455,-0.09],[51.46,-0.09],[51.46,-0.1]]
[[51.46,-0.09],[51.455,-0.09],[51.455,-0.08],[51.46,-0.08],[51.46,-0.09]]
[[51.46,-0.08],[51.455,-0.08],[51.455,-0.07],[51.46,-0.07],[51.46,-0.08]]
[[51.46,-0.07],[51.455,-0.07],[51.455,-0.06],[51.46,-0.06],[51.46,-0.07]]
[[51.46,-0.06],[51.455,-0.06],[51.455,-0.05],[51.46,-0.05],[51.46,-0.06]]
[[51.46,-0.05],[51.455,-0.05],[51.455,-0.04],[51.46,-0.04],[51.46,-0.05]]
[[51.46,-0.04],[51.455,-0.04],[51.455,-0.03],[51.46,-0.03],[51.46,-0.04]]
[[51.46,-0.03],[51.455,-0.03],[51.455,-0.02],[51.46,-0.02],[51.46,-0.03]]
[[51.46,-0.02],[51.455,-0.02],[51.455,-0.01],[51.46,-0.01],[51.46,-0.02]]
[[51.46,-0.01],[51.455,-0.01],[51.455,0.0],[51.46,0.0],[51.46,-0.01]]
[[51.46,0.0],[51.455,0.0],[51.455,0.01],[51.46,0.01],[51.46,0.0]]
[[51.46,0.01],[51.455,0.01],[51.455,0.02],[51.46,0.02],[51.46,0.01]]
[[51.46,0.02],[51.455,0.02],[51.455,0.03],[51.46,0.03],[51.46,0.02]]
[[51.455,-0.299],[51.45,-0.299],[51.45,-0.29],[51.455,-0.29],[51.455,-0.299]]
[[51.455,-0.29],[51.45,-0.29],[51.45,-0.28],[51.455,-0.28],[51.455,-0.29]]
[[51.455,-0.28],[51.45,-0.28],[51.45,-0.27],[51.455,-0.27],[51.455,-0.28]]
[[51.455,-0.27],[51.45,-0.27],[51.45,-0.26],[51.455,-0.26],[51.455,-0.27]]
[[51.455,-0.26],[51.45,-0.26],[51.45,-0.25],[51.455,-0.25],[51.455,-0.26]]
[[51.455,-0.25],[51.45,-0.25],[51.45,-0.24],[51.455,-0.24],[51.455,-0.25]]
[[51.455,-0.24],[51.45,-0.24],[51.45,-0.23],[51.455,-0.23],[51.455,-0.24]]
[[51.455,-0.23],[51.45,-0.23],[51.45,-0.22],[51.455,-0.22],[51.455,-0.23]]
[[51.455,-0.22],[51.45,-0.22],[51.45,-0.21],[51.455,-0.21],[51.455,-0.22]]
[[51.455,-0.21],[51.45,-0.21],[51.45,-0.2],[51.455,-0.2],[51.455,-0.21]]
[[51.455,-0.2],[51.45,-0.2],[51.45,-0.19],[51.455,-0.19],[51.455,-0.2]]
[[51.455,-0.19],[51.45,-0.19],[51.45,-0.18],[51.455,-0.18],[51.455,-0.19]]
[[51.455,-0.18],[51.45,-0.18],[51.45,-0.17],[51.455,-0.17],[51.455,-0.18]]
[[51.455,-0.17],[51.45,-0.17],[51.45,-0.16],[51.455,-0.16],[51.455,-0.17]]
[[51.455,-0.16],[51.45,-0.16],[51.45,-0.15],[51.455,-0.15],[51.455,-0.16]]
[[51.455,-0.15],[51.45,-0.15],[51.45,-0.14],[51.455,-0.14],[51.455,-0.15]]
[[51.455,-0.14],[51.45,-0.14],[51.45,-0.13],[51.455,-0.13],[51.455,-0.14]]
[[51.455,-0.13],[51.45,-0.13],[51.45,-0.12],[51.455,-0.12],[51.455,-0.13]]
[[51.455,-0.12],[51.45,-0.12],[51.45,-0.11],[51.455,-0.11],[51.455,-0.12]]
[[51.455,-0.11],[51.45,-0.11],[51.45,-0.1],[51.455,-0.1],[51.455,-0.11]]
[[51.455,-0.1],[51.45,-0.1],[51.45,-0.09],[51.455,-0.09],[51.455,-0.1]]
[[51.455,-0.09],[51.45,-0.09],[51.45,-0.08],[51.455,-0.08],[51.455,-0.09]]
[[51.455,-0.08],[51.45,-0.08],[51.45,-0.07],[51.455,-0.07],[51.455,-0.08]]
[[51.455,-0.07],[51.45,-0.07],[51.45,-0.06],[51.455,-0.06],[51.455,-0.07]]
[[51.455,-0.06],[51.45,-0.06],[51.45,-0.05],[51.455,-0.05],[51.455,-0.06]]
[[51.455,-0.05],[51.45,-0.05],[51.45,-0.04],[51.455,-0.04],[51.455,-0.05]]
[[51.455,-0.04],[51.45,-0.04],[51.45,-0.03],[51.455,-0.03],[51.455,-0.04]]
[[51.455,-0.03],[51.45,-0.03],[51.45,-0.02],[51.455,-0.02],[51.455,-0.03]]
[[51.455,-0.02],[51.45,-0.02],[51.45,-0.01],[51.455,-0.01],[51.455,-0.02]]
[[51.455,-0.01],[51.45,-0.01],[51.45,0.0],[51.455,0.0],[51.455,-0.01]]
[[51.455,0.0],[51.45,0.0],[51.45,0.01],[51.455,0.01],[51.455,0.0]]
[[51.455,0.01],[51.45,0.01],[51.45,0.02],[51.455,0.02],[51.455,0.01]]
[[51.455,0.02],[51.45,0.02],[51.45,0.03],[51.455,0.03],[51.455,0.02]]
[[51.45,-0.299],[51.445,-0.299],[51.445,-0.29],[51.45,-0.29],[51.45,-0.299]]
[[51.45,-0.29],[51.445,-0.29],[51.445,-0.28],[51.45,-0.28],[51.45,-0.29]]
[[51.45,-0.28],[51.445,-0.28],[51.445,-0.27],[51.45,-0.27],[51.45,-0.28]]
[[51.45,-0.27],[51.445,-0.27],[51.445,-0.26],[51.45,-0.26],[51.45,-0.27]]
[[51.45,-0.26],[51.445,-0.26],[51.445,-0.25],[51.45,-0.25],[51.45,-0.26]]
[[51.45,-0.25],[51.445,-0.25],[51.445,-0.24],[51.45,-0.24],[51.45,-0.25]]
[[51.45,-0.24],[51.445,-0.24],[51.445,-0.23],[51.45,-0.23],[51.45,-0.24]]
[[51.45,-0.23],[51.445,-0.23],[51.445,-0.22],[51.45,-0.22],[51.45,-0.23]]
[[51.45,-0.22],[51.445,-0.22],[51.445,-0.21],[51.45,-0.21],[51.45,-0.22]]
[[51.45,-0.21],[51.445,-0.21],[51.445,-0.2],[51.45,-0.2],[51.45,-0.21]]
[[51.45,-0.2],[51.445,-0.2],[51.445,-0.19],[51.45,-0.19],[51.45,-0.2]]
[[51.45,-0.19],[51.445,-0.19],[51.445,-0.18],[51.45,-0.18],[51.45,-0.19]]
[[51.45,-0.18],[51.445,-0.18],[51.445,-0.17],[51.45,-0.17],[51.45,-0.18]]
[[51.45,-0.17],[51.445,-0.17],[51.445,-0.16],[51.45,-0.16],[51.45,-0.17]]
[[51.45,-0.16],[51.445,-0.16],[51.445,-0.15],[51.45,-0.15],[51.45,-0.16]]
[[51.45,-0.15],[51.445,-0.15],[51.445,-0.14],[51.45,-0.14],[51.45,-0.15]]
[[51.45,-0.14],[51.445,-0.14],[51.445,-0.13],[51.45,-0.13],[51.45,-0.14]]
[[51.45,-0.13],[51.445,-0.13],[51.445,-0.12],[51.45,-0.12],[51.45,-0.13]]
[[51.45,-0.12],[51.445,-0.12],[51.445,-0.11],[51.45,-0.11],[51.45,-0.12]]
[[51.45,-0.11],[51.445,-0.11],[51.445,-0.1],[51.45,-0.1],[51.45,-0.11]]
[[51.45,-0.1],[51.445,-0.1],[51.445,-0.09],[51.45,-0.09],[51.45,-0.1]]
[[51.45,-0.09],[51.445,-0.09],[51.445,-0.08],[51.45,-0.08],[51.45,-0.09]]
[[51.45,-0.08],[51.445,-0.08],[51.445,-0.07],[51.45,-0.07],[51.45,-0.08]]
[[51.45,-0.07],[51.445,-0.07],[51.445,-0.06],[51.45,-0.06],[51.45,-0.07]]
[[51.45,-0.06],[51.445,-0.06],[51.445,-0.05],[51.45,-0.05],[51.45,-0.06]]
[[51.45,-0.05],[51.445,-0.05],[51.445,-0.04],[51.45,-0.04],[51.45,-0.05]]
[[51.45,-0.04],[51.445,-0.04],[51.445,-0.03],[51.45,-0.03],[51.45,-0.04]]
[[51.45,-0.03],[51.445,-0.03],[51.445,-0.02],[51.45,-0.02],[51.45,-0.03]]
[[51.45,-0.02],[51.445,-0.02],[51.445,-0.01],[51.45,-0.01],[51.45,-0.02]]
[[51.45,-0.01],[51.445,-0.01],[51.445,0.0],[51.45,0.0],[51.45,-0.01]]
[[51.45,0.0],[51.445,0.0],[51.445,0.01],[51.45,0.01],[51.45,0.0]]
[[51.45,0.01],[51.445,0.01],[51.445,0.02],[51.45,0.02],[51.45,0.01]]
[[51.45,0.02],[51.445,0.02],[51.445,0.03],[51.45,0.03],[51.45,0.02]]
[[51.445,-0.299],[51.44,-0.299],[51.44,-0.29],[51.445,-0.29],[51.445,-0.299]]
[[51.445,-0.29],[51.44,-0.29],[51.44,-0.28],[51.445,-0.28],[51.445,-0.29]]
[[51.445,-0.28],[51.44,-0.28],[51.44,-0.27],[51.445,-0.27],[51.445,-0.28]]
[[51.445,-0.27],[51.44,-0.27],[51.44,-0.26],[51.445,-0.26],[51.445,-0.27]]
[[51.445,-0.26],[51.44,-0.26],[51.44,-0.25],[51.445,-0.25],[51.445,-0.26]]
[[51.445,-0.25],[51.44,-0.25],[51.44,-0.24],[51.445,-0.24],[51.445,-0.25]]
[[51.445,-0.24],[51.44,-0.24],[51.44,-0.23],[51.445,-0.23],[51.445,-0.24]]
[[51.445,-0.23],[51.44,-0.23],[51.44,-0.22],[51.445,-0.22],[51.445,-0.23]]
[[51.445,-0.22],[51.44,-0.22],[51.44,-0.21],[51.445,-0.21],[51.445,-0.22]]
[[51.445,-0.21],[51.44,-0.21],[51.44,-0.2],[51.445,-0.2],[51.445,-0.21]]
[[51.445,-0.2],[51.44,-0.2],[51.44,-0.19],[51.445,-0.19],[51.445,-0.2]]
[[51.445,-0.19],[51.44,-0.19],[51.44,-0.18],[51.445,-0.18],[51.445,-0.19]]
[[51.445,-0.18],[51.44,-0.18],[51.44,-0.17],[51.445,-0.17],[51.445,-0.18]]
[[51.445,-0.17],[51.44,-0.17],[51.44,-0.16],[51.445,-0.16],[51.445,-0.17]]
[[51.445,-0.16],[51.44,-0.16],[51.44,-0.15],[51.445,-0.15],[51.445,-0.16]]
[[51.445,-0.15],[51.44,-0.15],[51.44,-0.14],[51.445,-0.14],[51.445,-0.15]]
[[51.445,-0.14],[51.44,-0.14],[51.44,-0.13],[51.445,-0.13],[51.445,-0.14]]
[[51.445,-0.13],[51.44,-0.13],[51.44,-0.12],[51.445,-0.12],[51.445,-0.13]]
[[51.445,-0.12],[51.44,-0.12],[51.44,-0.11],[51.445,-0.11],[51.445,-0.12]]
[[51.445,-0.11],[51.44,-0.11],[51.44,-0.1],[51.445,-0.1],[51.445,-0.11]]
[[51.445,-0.1],[51.44,-0.1],[51.44,-0.09],[51.445,-0.09],[51.445,-0.1]]
[[51.445,-0.09],[51.44,-0.09],[51.44,-0.08],[51.445,-0.08],[51.445,-0.09]]
[[51.445,-0.08],[51.44,-0.08],[51.44,-0.07],[51.445,-0.07],[51.445,-0.08]]
[[51.445,-0.07],[51.44,-0.07],[51.44,-0.06],[51.445,-0.06],[51.445,-0.07]]
[[51.445,-0.06],[51.44,-0.06],[51.44,-0.05],[51.445,-0.05],[51.445,-0.06]]
[[51.445,-0.05],[51.44,-0.05],[51.44,-0.04],[51.445,-0.04],[51.445,-0.05]]
[[51.445,-0.04],[51.44,-0.04],[51.44,-0.03],[51.445,-0.03],[51.445,-0.04]]
[[51.445,-0.03],[51.44,-0.03],[51.44,-0.02],[51.445,-0.02],[51.445,-0.03]]
[[51.445,-0.02],[51.44,-0.02],[51.44,-0.01],[51.445,-0.01],[51.445,-0.02]]
[[51.445,-0.01],[51.44,-0.01],[51.44,0.0],[51.445,0.0],[51.445,-0.01]]
[[51.445,0.0],[51.44,0.0],[51.44,0.01],[51.445,0.01],[51.445,0.0]]
[[51.445,0.01],[51.44,0.01],[51.44,0.02],[51.445,0.02],[51.445,0.01]]
[[51.445,0.02],[51.44,0.02],[51.44,0.03],[51.445,0.03],[51.445,0.02]]
